  meV  meV_shf  tmk_lin  npts  secs  norm  a4  error   y_unitpk  error   ytc  ytce
   -34.00      -35.13    -592.5      4     40.0   0.12209E+07     0.2143E-05   0.1515E-05    0.5390E-02  0.3811E-02    0.5839E-05  0.4129E-05
   -33.50      -34.63    -583.7      8     80.0   0.23563E+07     0.2220E-05   0.1110E-05    0.5586E-02  0.2793E-02    0.5893E-05  0.2947E-05
   -33.00      -34.13    -575.0     10    100.0   0.28703E+07     0.4557E-06   0.4557E-06    0.1146E-02  0.1146E-02    0.1178E-05  0.1178E-05
   -32.50      -33.63    -566.3     10    100.0   0.28370E+07     0.1844E-05   0.9221E-06    0.4639E-02  0.2320E-02    0.4639E-05  0.2319E-05
   -32.00      -33.13    -557.6      5     50.0   0.14414E+07     0.2722E-05   0.1572E-05    0.6848E-02  0.3954E-02    0.6664E-05  0.3848E-05
   -31.50      -32.63    -548.9      5     50.0   0.14548E+07     0.8991E-06   0.8991E-06    0.2262E-02  0.2262E-02    0.2142E-05  0.2142E-05
   -31.00      -32.13    -540.2     11    110.0   0.35836E+07     0.3650E-05   0.1154E-05    0.9182E-02  0.2904E-02    0.8458E-05  0.2675E-05
   -30.50      -31.63    -531.5      9     90.0   0.28762E+07     0.3183E-05   0.1203E-05    0.8008E-02  0.3027E-02    0.7174E-05  0.2712E-05
   -30.00      -31.13    -522.8     10    100.0   0.31645E+07     0.1240E-05   0.7159E-06    0.3119E-02  0.1801E-02    0.2717E-05  0.1569E-05
   -29.50      -30.63    -514.0     11    110.0   0.35544E+07     0.5152E-05   0.1377E-05    0.1296E-01  0.3464E-02    0.1097E-04  0.2933E-05
   -29.00      -30.13    -505.3     10    100.0   0.32068E+07     0.3671E-05   0.1224E-05    0.9235E-02  0.3078E-02    0.7600E-05  0.2533E-05
   -28.50      -29.63    -496.6     10    100.0   0.32161E+07     0.4067E-05   0.1286E-05    0.1023E-01  0.3235E-02    0.8180E-05  0.2587E-05
   -28.00      -29.13    -487.9     10    100.0   0.32002E+07     0.2452E-05   0.1001E-05    0.6169E-02  0.2519E-02    0.4791E-05  0.1956E-05
   -27.50      -28.63    -479.2     10    100.0   0.31523E+07     0.7054E-05   0.1711E-05    0.1774E-01  0.4304E-02    0.1338E-04  0.3246E-05
   -27.00      -28.13    -470.5     10    100.0   0.31054E+07     0.6318E-05   0.1631E-05    0.1589E-01  0.4104E-02    0.1164E-04  0.3004E-05
   -26.50      -27.63    -461.8     10    100.0   0.31237E+07     0.8375E-05   0.1873E-05    0.2107E-01  0.4711E-02    0.1497E-04  0.3347E-05
   -26.00      -27.13    -453.1     11    110.0   0.34315E+07     0.7242E-05   0.1661E-05    0.1822E-01  0.4180E-02    0.1256E-04  0.2881E-05
   -25.50      -26.63    -444.3     11    110.0   0.33947E+07     0.8862E-05   0.1848E-05    0.2229E-01  0.4649E-02    0.1490E-04  0.3107E-05
   -25.00      -26.13    -435.6      8     80.0   0.24283E+07     0.1077E-04   0.2409E-05    0.2710E-01  0.6060E-02    0.1756E-04  0.3927E-05
   -24.50      -25.63    -426.9     11    110.0   0.33239E+07     0.7870E-05   0.1760E-05    0.1980E-01  0.4427E-02    0.1243E-04  0.2780E-05
   -24.00      -25.13    -418.2     11    110.0   0.32921E+07     0.7151E-05   0.1686E-05    0.1799E-01  0.4240E-02    0.1094E-04  0.2580E-05
   -23.50      -24.63    -409.5     10    100.0   0.29800E+07     0.1229E-04   0.2323E-05    0.3092E-01  0.5843E-02    0.1821E-04  0.3442E-05
   -23.00      -24.13    -400.8     10    100.0   0.29665E+07     0.1014E-04   0.2115E-05    0.2551E-01  0.5320E-02    0.1455E-04  0.3033E-05
   -22.50      -23.63    -392.1      8     80.0   0.23714E+07     0.7722E-05   0.2064E-05    0.1943E-01  0.5192E-02    0.1072E-04  0.2864E-05
   -22.00      -23.13    -383.4      5     50.0   0.15344E+07     0.5967E-05   0.2255E-05    0.1501E-01  0.5674E-02    0.8007E-05  0.3027E-05
   -21.50      -22.63    -374.6      6     60.0   0.18267E+07     0.4296E-05   0.1754E-05    0.1081E-01  0.4412E-02    0.5573E-05  0.2275E-05
   -21.00      -22.13    -365.9     10    100.0   0.32669E+07     0.6806E-05   0.1651E-05    0.1712E-01  0.4153E-02    0.8529E-05  0.2069E-05
   -20.50      -21.63    -357.2     10    100.0   0.32735E+07     0.8790E-05   0.1874E-05    0.2211E-01  0.4715E-02    0.1064E-04  0.2268E-05
   -20.00      -21.13    -348.5      9     90.0   0.29577E+07     0.6633E-05   0.1713E-05    0.1669E-01  0.4309E-02    0.7745E-05  0.2000E-05
   -19.50      -20.63    -339.8     11    110.0   0.36306E+07     0.8286E-05   0.1728E-05    0.2085E-01  0.4347E-02    0.9331E-05  0.1946E-05
   -19.00      -20.13    -331.1      6     60.0   0.19192E+07     0.1227E-04   0.2891E-05    0.3086E-01  0.7274E-02    0.1331E-04  0.3138E-05
   -18.50      -19.63    -322.4      5     50.0   0.15630E+07     0.3347E-05   0.1674E-05    0.8421E-02  0.4211E-02    0.3500E-05  0.1750E-05
   -18.00      -19.13    -313.7      5     50.0   0.15659E+07     0.1587E-04   0.3641E-05    0.3993E-01  0.9160E-02    0.1597E-04  0.3664E-05
   -17.50      -18.63    -304.9      6     60.0   0.19084E+07     0.1919E-04   0.3627E-05    0.4828E-01  0.9123E-02    0.1857E-04  0.3510E-05
   -17.00      -18.13    -296.2      5     50.0   0.15903E+07     0.2467E-04   0.4505E-05    0.6207E-01  0.1133E-01    0.2295E-04  0.4190E-05
   -16.50      -17.63    -287.5      6     60.0   0.19386E+07     0.3036E-04   0.4526E-05    0.7638E-01  0.1139E-01    0.2712E-04  0.4042E-05
   -16.00      -17.13    -278.8      5     50.0   0.16193E+07     0.4281E-04   0.5880E-05    0.1077E+00  0.1479E-01    0.3668E-04  0.5039E-05
   -15.50      -16.63    -270.1      7     70.0   0.22542E+07     0.3655E-04   0.4605E-05    0.9196E-01  0.1159E-01    0.3002E-04  0.3783E-05
   -15.00      -16.13    -261.4      5     50.0   0.15977E+07     0.2783E-04   0.4773E-05    0.7002E-01  0.1201E-01    0.2189E-04  0.3754E-05
   -14.50      -15.63    -252.7      4     40.0   0.12825E+07     0.9179E-05   0.3060E-05    0.2309E-01  0.7697E-02    0.6904E-05  0.2301E-05
   -14.00      -15.13    -244.0      2     20.0   0.63910E+06     0.0000E+00   0.2047E-05    0.0000E+00  0.5149E-02    0.0000E+00  0.1471E-05
   -13.50      -14.63    -235.2      1     10.0   0.32109E+06     0.2037E-04   0.9109E-05    0.5124E-01  0.2291E-01    0.1397E-04  0.6246E-05
    -9.00      -10.13    -156.8      3     30.0   0.93628E+06     0.1397E-04   0.4418E-05    0.3514E-01  0.1111E-01    0.5817E-05  0.1840E-05
    -8.50       -9.63    -148.1      5     50.0   0.15503E+07     0.1012E-04   0.2923E-05    0.2547E-01  0.7352E-02    0.3941E-05  0.1138E-05
    -8.00       -9.13    -139.4      5     50.0   0.15315E+07     0.1110E-04   0.3079E-05    0.2793E-01  0.7746E-02    0.4027E-05  0.1117E-05
    -7.50       -8.63    -130.7      5     50.0   0.15200E+07     0.1377E-04   0.3442E-05    0.3464E-01  0.8659E-02    0.4634E-05  0.1158E-05
    -7.00       -8.13    -122.0      6     60.0   0.18065E+07     0.9413E-05   0.2611E-05    0.2368E-01  0.6567E-02    0.2927E-05  0.8118E-06
    -6.50       -7.63    -113.3      5     50.0   0.14956E+07     0.1137E-04   0.3153E-05    0.2860E-01  0.7932E-02    0.3250E-05  0.9014E-06
    -6.00       -7.13    -104.6      5     50.0   0.14736E+07     0.1331E-04   0.3438E-05    0.3349E-01  0.8648E-02    0.3478E-05  0.8980E-06
    -5.50       -6.63     -95.8      5     50.0   0.14690E+07     0.1068E-04   0.3084E-05    0.2688E-01  0.7759E-02    0.2533E-05  0.7312E-06
    -5.00       -6.13     -87.1      5     50.0   0.14499E+07     0.1173E-04   0.3253E-05    0.2950E-01  0.8183E-02    0.2502E-05  0.6940E-06
    -4.50       -5.63     -78.4      5     50.0   0.14409E+07     0.1089E-04   0.3144E-05    0.2740E-01  0.7910E-02    0.2071E-05  0.5979E-06
    -4.00       -5.13     -69.7      5     50.0   0.14365E+07     0.1184E-04   0.3283E-05    0.2978E-01  0.8259E-02    0.1981E-05  0.5493E-06
    -3.50       -4.63     -61.0      8     80.0   0.23302E+07     0.1347E-04   0.2750E-05    0.3389E-01  0.6918E-02    0.1953E-05  0.3987E-06
    -3.00       -4.13     -52.3     11    110.0   0.33169E+07     0.1696E-04   0.2586E-05    0.4266E-01  0.6505E-02    0.2086E-05  0.3182E-06
    -2.50       -3.63     -43.6      5     50.0   0.16092E+07     0.1788E-04   0.3812E-05    0.4498E-01  0.9591E-02    0.1816E-05  0.3871E-06
    -2.00       -3.13     -34.9      5     50.0   0.16156E+07     0.2672E-04   0.4651E-05    0.6721E-01  0.1170E-01    0.2149E-05  0.3741E-06
    -1.50       -2.63     -26.1     10    100.0   0.34165E+07     0.3331E-04   0.3571E-05    0.8379E-01  0.8983E-02    0.1990E-05  0.2133E-06
    -1.00       -2.13     -17.4      9     90.0   0.30412E+07     0.6193E-04   0.5161E-05    0.1558E+00  0.1298E-01    0.2443E-05  0.2035E-06
    -0.50       -1.63      -8.7      9     90.0   0.30464E+07     0.8931E-04   0.6192E-05    0.2247E+00  0.1558E-01    0.1744E-05  0.1209E-06
     0.00       -1.13       0.0     12    120.0   0.40934E+07     0.2003E-03   0.8001E-05    0.5040E+00  0.2013E-01    0.0000E+00  0.0000E+00
     0.50       -0.63       8.7     10    100.0   0.34241E+07     0.3365E-03   0.1134E-04    0.8466E+00  0.2852E-01    0.6446E-05  0.2172E-06
     1.00       -0.13      17.4     10    100.0   0.34253E+07     0.3975E-03   0.1232E-04    0.1000E+01  0.3099E-01    0.1508E-04  0.4675E-06
     1.50        0.37      26.1     11    110.0   0.37437E+07     0.3717E-03   0.1140E-04    0.9352E+00  0.2867E-01    0.2096E-04  0.6424E-06
     2.00        0.87      34.9      9     90.0   0.30949E+07     0.2417E-03   0.1011E-04    0.6081E+00  0.2543E-01    0.1800E-04  0.7525E-06
     2.50        1.37      43.6     11    110.0   0.37485E+07     0.1605E-03   0.7484E-05    0.4038E+00  0.1883E-01    0.1479E-04  0.6898E-06
     3.00        1.87      52.3     10    100.0   0.34180E+07     0.7921E-04   0.5506E-05    0.1993E+00  0.1385E-01    0.8679E-05  0.6032E-06
     3.50        2.37      61.0     11    110.0   0.37966E+07     0.5753E-04   0.4452E-05    0.1447E+00  0.1120E-01    0.7285E-05  0.5637E-06
     4.00        2.87      69.7     10    100.0   0.34372E+07     0.3235E-04   0.3508E-05    0.8137E-01  0.8826E-02    0.4637E-05  0.5029E-06
     4.50        3.37      78.4     10    100.0   0.34327E+07     0.2591E-04   0.3142E-05    0.6518E-01  0.7904E-02    0.4139E-05  0.5020E-06
     5.00        3.87      87.1     10    100.0   0.34342E+07     0.2057E-04   0.2799E-05    0.5174E-01  0.7041E-02    0.3617E-05  0.4922E-06
     5.50        4.37      95.8     11    110.0   0.37635E+07     0.1529E-04   0.2305E-05    0.3847E-01  0.5799E-02    0.2931E-05  0.4418E-06
     6.00        4.87     104.6     11    110.0   0.37838E+07     0.1590E-04   0.2344E-05    0.4000E-01  0.5898E-02    0.3293E-05  0.4856E-06
     6.50        5.37     113.3     10    100.0   0.34280E+07     0.2022E-04   0.2778E-05    0.5087E-01  0.6988E-02    0.4496E-05  0.6175E-06
     7.00        5.87     122.0     10    100.0   0.34345E+07     0.1561E-04   0.2438E-05    0.3928E-01  0.6134E-02    0.3704E-05  0.5784E-06
     7.50        6.37     130.7     10    100.0   0.34389E+07     0.1369E-04   0.2282E-05    0.3445E-01  0.5741E-02    0.3448E-05  0.5747E-06
     8.00        6.87     139.4     10    100.0   0.34366E+07     0.1028E-04   0.1978E-05    0.2585E-01  0.4975E-02    0.2735E-05  0.5264E-06
     8.50        7.37     148.1     10    100.0   0.34569E+07     0.1249E-04   0.2174E-05    0.3141E-01  0.5468E-02    0.3499E-05  0.6090E-06
     9.00        7.87     156.8     10    100.0   0.34608E+07     0.1323E-04   0.2236E-05    0.3328E-01  0.5625E-02    0.3889E-05  0.6574E-06
     9.50        8.37     165.5     12    120.0   0.41667E+07     0.1632E-04   0.2264E-05    0.4106E-01  0.5695E-02    0.5020E-05  0.6961E-06
    10.00        8.87     174.3     10    100.0   0.34835E+07     0.1277E-04   0.2189E-05    0.3212E-01  0.5508E-02    0.4095E-05  0.7023E-06
    10.50        9.37     183.0     10    100.0   0.34841E+07     0.1201E-04   0.2124E-05    0.3022E-01  0.5342E-02    0.4010E-05  0.7089E-06
    11.00        9.87     191.7     11    110.0   0.38260E+07     0.1231E-04   0.2051E-05    0.3096E-01  0.5160E-02    0.4265E-05  0.7108E-06
    11.50       10.37     200.4     10    100.0   0.34837E+07     0.1502E-04   0.2375E-05    0.3778E-01  0.5974E-02    0.5393E-05  0.8526E-06
    12.00       10.87     209.1     10    100.0   0.34824E+07     0.1465E-04   0.2346E-05    0.3685E-01  0.5901E-02    0.5440E-05  0.8710E-06
    12.50       11.37     217.8     10    100.0   0.34708E+07     0.1055E-04   0.1994E-05    0.2654E-01  0.5017E-02    0.4045E-05  0.7645E-06
    13.00       11.87     226.5     10    100.0   0.34675E+07     0.1622E-04   0.2474E-05    0.4080E-01  0.6223E-02    0.6410E-05  0.9775E-06
    13.50       12.37     235.2     11    110.0   0.37977E+07     0.1550E-04   0.2310E-05    0.3899E-01  0.5812E-02    0.6305E-05  0.9398E-06
    14.00       12.87     244.0     10    100.0   0.34754E+07     0.1355E-04   0.2258E-05    0.3408E-01  0.5681E-02    0.5665E-05  0.9442E-06
    14.50       13.37     252.7     11    110.0   0.38368E+07     0.1466E-04   0.2235E-05    0.3688E-01  0.5624E-02    0.6293E-05  0.9597E-06
    15.00       13.87     261.4     10    100.0   0.34803E+07     0.1391E-04   0.2286E-05    0.3498E-01  0.5751E-02    0.6122E-05  0.1006E-05
    15.50       14.37     270.1     10    100.0   0.34794E+07     0.1692E-04   0.2522E-05    0.4256E-01  0.6344E-02    0.7628E-05  0.1137E-05
    16.00       14.87     278.8     11    110.0   0.38430E+07     0.1770E-04   0.2454E-05    0.4452E-01  0.6174E-02    0.8167E-05  0.1133E-05
    16.50       15.37     287.5     19    190.0   0.63373E+07     0.1940E-04   0.2001E-05    0.4881E-01  0.5034E-02    0.9153E-05  0.9441E-06
    17.00       15.87     296.2     35    350.0   0.11229E+08     0.2038E-04   0.1541E-05    0.5128E-01  0.3876E-02    0.9823E-05  0.7426E-06
    17.50       16.37     304.9     27    270.0   0.88520E+07     0.3502E-04   0.2275E-05    0.8810E-01  0.5722E-02    0.1722E-04  0.1119E-05
    18.00       16.87     313.7     25    250.0   0.82947E+07     0.6087E-04   0.3098E-05    0.1531E+00  0.7794E-02    0.3053E-04  0.1554E-05
    18.50       17.37     322.4     25    250.0   0.83274E+07     0.9251E-04   0.3812E-05    0.2327E+00  0.9590E-02    0.4728E-04  0.1948E-05
    19.00       17.87     331.1     26    260.0   0.86846E+07     0.8058E-04   0.3484E-05    0.2027E+00  0.8764E-02    0.4194E-04  0.1813E-05
    19.50       18.37     339.8     27    270.0   0.90095E+07     0.5575E-04   0.2845E-05    0.1402E+00  0.7157E-02    0.2953E-04  0.1507E-05
    20.00       18.87     348.5     27    270.0   0.90076E+07     0.3500E-04   0.2254E-05    0.8804E-01  0.5671E-02    0.1885E-04  0.1214E-05
    20.50       19.37     357.2     26    260.0   0.86851E+07     0.2349E-04   0.1881E-05    0.5910E-01  0.4732E-02    0.1286E-04  0.1030E-05
    21.00       19.87     365.9     30    300.0   0.95622E+07     0.2011E-04   0.1658E-05    0.5058E-01  0.4172E-02    0.1118E-04  0.9224E-06
    21.50       20.37     374.6     29    290.0   0.94460E+07     0.1440E-04   0.1412E-05    0.3623E-01  0.3552E-02    0.8132E-05  0.7974E-06
    22.00       20.87     383.4     25    250.0   0.84027E+07     0.1650E-04   0.1603E-05    0.4151E-01  0.4032E-02    0.9455E-05  0.9183E-06
    22.50       21.37     392.1     29    290.0   0.97713E+07     0.1834E-04   0.1567E-05    0.4613E-01  0.3941E-02    0.1066E-04  0.9106E-06
    23.00       21.87     400.8     29    290.0   0.98267E+07     0.1584E-04   0.1452E-05    0.3985E-01  0.3653E-02    0.9333E-05  0.8555E-06
    23.50       22.37     409.5     31    310.0   0.10454E+08     0.1689E-04   0.1454E-05    0.4249E-01  0.3657E-02    0.1009E-04  0.8680E-06
    24.00       22.87     418.2     31    310.0   0.10491E+08     0.1758E-04   0.1480E-05    0.4422E-01  0.3724E-02    0.1063E-04  0.8954E-06
    24.50       23.37     426.9     31    310.0   0.10508E+08     0.1755E-04   0.1478E-05    0.4415E-01  0.3718E-02    0.1075E-04  0.9051E-06
    25.00       23.87     435.6     32    320.0   0.10856E+08     0.2012E-04   0.1557E-05    0.5062E-01  0.3917E-02    0.1247E-04  0.9650E-06
    25.50       24.37     444.3     31    310.0   0.10506E+08     0.2465E-04   0.1752E-05    0.6202E-01  0.4407E-02    0.1546E-04  0.1099E-05
    26.00       24.87     453.1     24    240.0   0.81475E+07     0.2649E-04   0.2062E-05    0.6664E-01  0.5188E-02    0.1680E-04  0.1308E-05
    26.50       25.37     461.8     29    290.0   0.98443E+07     0.2431E-04   0.1797E-05    0.6117E-01  0.4522E-02    0.1559E-04  0.1153E-05
    27.00       25.87     470.5     25    250.0   0.83304E+07     0.2512E-04   0.1986E-05    0.6320E-01  0.4996E-02    0.1628E-04  0.1287E-05
    27.50       26.37     479.2     31    310.0   0.97621E+07     0.2773E-04   0.1928E-05    0.6977E-01  0.4849E-02    0.1816E-04  0.1262E-05
    28.00       26.87     487.9     31    310.0   0.98993E+07     0.2193E-04   0.1702E-05    0.5518E-01  0.4283E-02    0.1451E-04  0.1126E-05
    28.50       27.37     496.6     32    320.0   0.10196E+08     0.2065E-04   0.1628E-05    0.5196E-01  0.4095E-02    0.1380E-04  0.1087E-05
    29.00       27.87     505.3     30    300.0   0.95312E+07     0.1592E-04   0.1478E-05    0.4005E-01  0.3718E-02    0.1073E-04  0.9966E-06
    29.50       28.37     514.0     33    330.0   0.10433E+08     0.1642E-04   0.1435E-05    0.4132E-01  0.3610E-02    0.1118E-04  0.9765E-06
    30.00       28.87     522.8     30    300.0   0.95805E+07     0.1324E-04   0.1345E-05    0.3331E-01  0.3383E-02    0.9093E-05  0.9233E-06
    30.50       29.37     531.5     31    310.0   0.99548E+07     0.1169E-04   0.1240E-05    0.2942E-01  0.3118E-02    0.8100E-05  0.8586E-06
    31.00       29.87     540.2     33    330.0   0.10606E+08     0.1480E-04   0.1351E-05    0.3723E-01  0.3399E-02    0.1034E-04  0.9437E-06
    31.50       30.37     548.9     30    300.0   0.96561E+07     0.1165E-04   0.1256E-05    0.2931E-01  0.3160E-02    0.8205E-05  0.8847E-06
    32.00       30.87     557.6     32    320.0   0.10429E+08     0.8403E-05   0.1027E-05    0.2114E-01  0.2583E-02    0.5966E-05  0.7289E-06
    32.50       31.37     566.3     31    310.0   0.10072E+08     0.7143E-05   0.9631E-06    0.1797E-01  0.2423E-02    0.5111E-05  0.6891E-06
    33.00       31.87     575.0     32    320.0   0.10312E+08     0.8117E-05   0.1015E-05    0.2042E-01  0.2553E-02    0.5853E-05  0.7316E-06
    33.50       32.37     583.7     29    290.0   0.94702E+07     0.8425E-05   0.1079E-05    0.2119E-01  0.2714E-02    0.6119E-05  0.7835E-06
    34.00       32.87     592.5     31    310.0   0.10017E+08     0.6268E-05   0.9047E-06    0.1577E-01  0.2276E-02    0.4585E-05  0.6618E-06
    34.50       33.37     601.2     31    310.0   0.10091E+08     0.4537E-05   0.7668E-06    0.1141E-01  0.1929E-02    0.3342E-05  0.5649E-06
    35.00       33.87     609.9     30    300.0   0.97442E+07     0.3490E-05   0.6844E-06    0.8780E-02  0.1722E-02    0.2589E-05  0.5077E-06
    35.50       34.37     618.6     34    340.0   0.11082E+08     0.3541E-05   0.6464E-06    0.8907E-02  0.1626E-02    0.2644E-05  0.4827E-06
    36.00       34.87     627.3     16    160.0   0.51368E+07     0.5093E-05   0.1139E-05    0.1281E-01  0.2865E-02    0.3827E-05  0.8558E-06
