  meV  meV_shf  tmk_lin  npts  secs  norm  a4  error   y_unitpk  error   ytc  ytce
   -10.50      -18.26    -183.0      1      3.0   0.10330E+06     0.3269E-04   0.2312E-04    0.3170E+00  0.2241E+00    0.1638E-04  0.1158E-04
   -10.00      -17.76    -174.3      3      9.0   0.30770E+06     0.2744E-04   0.1227E-04    0.2660E+00  0.1190E+00    0.1296E-04  0.5795E-05
    -9.50      -17.26    -165.5    185    597.0   0.20560E+08     0.3038E-04   0.1580E-05    0.2946E+00  0.1532E-01    0.1349E-04  0.7015E-06
    -9.00      -16.76    -156.8     93    314.0   0.11154E+08     0.3270E-04   0.2225E-05    0.3170E+00  0.2157E-01    0.1362E-04  0.9264E-06
    -8.50      -16.26    -148.1     92    325.0   0.11556E+08     0.3667E-04   0.2315E-05    0.3556E+00  0.2244E-01    0.1428E-04  0.9011E-06
    -8.00      -15.76    -139.4     88    334.0   0.12170E+08     0.6077E-04   0.2904E-05    0.5892E+00  0.2815E-01    0.2204E-04  0.1053E-05
    -7.50      -15.26    -130.7     82    316.0   0.11583E+08     0.7405E-04   0.3286E-05    0.7180E+00  0.3185E-01    0.2492E-04  0.1106E-05
    -7.00      -14.76    -122.0     96    365.0   0.13440E+08     0.7575E-04   0.3085E-05    0.7345E+00  0.2991E-01    0.2356E-04  0.9593E-06
    -6.50      -14.26    -113.3    104    382.0   0.14126E+08     0.5510E-04   0.2566E-05    0.5342E+00  0.2488E-01    0.1575E-04  0.7336E-06
    -6.00      -13.76    -104.6    102    383.0   0.14138E+08     0.4574E-04   0.2337E-05    0.4435E+00  0.2266E-01    0.1195E-04  0.6105E-06
    -5.50      -13.26     -95.8    102    369.0   0.13668E+08     0.3965E-04   0.2213E-05    0.3845E+00  0.2146E-01    0.9401E-05  0.5247E-06
    -5.00      -12.76     -87.1    108    401.0   0.14859E+08     0.3738E-04   0.2061E-05    0.3624E+00  0.1998E-01    0.7977E-05  0.4398E-06
    -4.50      -12.26     -78.4    107    391.0   0.14554E+08     0.3921E-04   0.2133E-05    0.3802E+00  0.2068E-01    0.7456E-05  0.4055E-06
    -4.00      -11.76     -69.7    110    407.0   0.15171E+08     0.4730E-04   0.2294E-05    0.4586E+00  0.2224E-01    0.7915E-05  0.3839E-06
    -3.50      -11.26     -61.0    104    389.0   0.14518E+08     0.5047E-04   0.2423E-05    0.4894E+00  0.2349E-01    0.7317E-05  0.3512E-06
    -3.00      -10.76     -52.3    101    373.0   0.13843E+08     0.5391E-04   0.2564E-05    0.5227E+00  0.2486E-01    0.6634E-05  0.3155E-06
    -2.50      -10.26     -43.6     86    328.0   0.12092E+08     0.5460E-04   0.2761E-05    0.5293E+00  0.2677E-01    0.5543E-05  0.2803E-06
    -2.00       -9.76     -34.9     89    337.0   0.12403E+08     0.5159E-04   0.2650E-05    0.5002E+00  0.2569E-01    0.4150E-05  0.2132E-06
    -1.50       -9.26     -26.1     91    343.0   0.12563E+08     0.4542E-04   0.2471E-05    0.4404E+00  0.2396E-01    0.2714E-05  0.1476E-06
    -1.00       -8.76     -17.4    100    370.0   0.13387E+08     0.4477E-04   0.2376E-05    0.4341E+00  0.2304E-01    0.1766E-05  0.9372E-07
    -0.50       -8.26      -8.7    105    399.0   0.14280E+08     0.4883E-04   0.2403E-05    0.4735E+00  0.2330E-01    0.9536E-06  0.4693E-07
     0.00       -7.76       0.0     99    381.0   0.13729E+08     0.5633E-04   0.2632E-05    0.5461E+00  0.2552E-01    0.0000E+00  0.0000E+00
     0.50       -7.26       8.7     92    346.0   0.12549E+08     0.5140E-04   0.2630E-05    0.4983E+00  0.2550E-01    0.9845E-06  0.5037E-07
     1.00       -6.76      17.4     65    230.0   0.82820E+07     0.4648E-04   0.3078E-05    0.4507E+00  0.2985E-01    0.1764E-05  0.1168E-06
     1.50       -6.26      26.1     74    264.0   0.96060E+07     0.5045E-04   0.2978E-05    0.4891E+00  0.2887E-01    0.2844E-05  0.1679E-06
     2.00       -5.76      34.9     75    267.0   0.96662E+07     0.5572E-04   0.3120E-05    0.5402E+00  0.3025E-01    0.4148E-05  0.2323E-06
     2.50       -5.26      43.6     91    343.0   0.12281E+08     0.5389E-04   0.2722E-05    0.5225E+00  0.2639E-01    0.4968E-05  0.2509E-06
     3.00       -4.76      52.3    105    385.0   0.13743E+08     0.5369E-04   0.2568E-05    0.5205E+00  0.2490E-01    0.5882E-05  0.2814E-06
     3.50       -4.26      61.0    104    396.0   0.14174E+08     0.6290E-04   0.2737E-05    0.6098E+00  0.2654E-01    0.7964E-05  0.3466E-06
     4.00       -3.76      69.7    102    369.0   0.13286E+08     0.5884E-04   0.2735E-05    0.5705E+00  0.2651E-01    0.8435E-05  0.3920E-06
     4.50       -3.26      78.4    104    382.0   0.13816E+08     0.5781E-04   0.2658E-05    0.5605E+00  0.2577E-01    0.9235E-05  0.4246E-06
     5.00       -2.76      87.1    111    417.0   0.15067E+08     0.4595E-04   0.2269E-05    0.4455E+00  0.2200E-01    0.8080E-05  0.3990E-06
     5.50       -2.26      95.8    108    394.0   0.14280E+08     0.4777E-04   0.2377E-05    0.4631E+00  0.2304E-01    0.9154E-05  0.4555E-06
     6.00       -1.76     104.6     92    346.0   0.12486E+08     0.4692E-04   0.2519E-05    0.4549E+00  0.2442E-01    0.9719E-05  0.5217E-06
     6.50       -1.26     113.3     86    335.0   0.11980E+08     0.5820E-04   0.2864E-05    0.5643E+00  0.2777E-01    0.1294E-04  0.6367E-06
     7.00       -0.76     122.0     89    344.0   0.12361E+08     0.7717E-04   0.3247E-05    0.7482E+00  0.3148E-01    0.1831E-04  0.7702E-06
     7.50       -0.26     130.7    104    382.0   0.13604E+08     0.1031E-03   0.3578E-05    0.1000E+01  0.3469E-01    0.2597E-04  0.9010E-06
     8.00        0.24     139.4     99    367.0   0.13073E+08     0.9699E-04   0.3539E-05    0.9404E+00  0.3431E-01    0.2581E-04  0.9420E-06
     8.50        0.74     148.1     88    320.0   0.11642E+08     0.8411E-04   0.3493E-05    0.8155E+00  0.3386E-01    0.2357E-04  0.9787E-06
     9.00        1.24     156.8     92    311.0   0.11508E+08     0.5531E-04   0.2849E-05    0.5363E+00  0.2762E-01    0.1626E-04  0.8375E-06
     9.50        1.74     165.5    101    359.0   0.13340E+08     0.4924E-04   0.2496E-05    0.4774E+00  0.2420E-01    0.1514E-04  0.7677E-06
    10.00        2.24     174.3    101    373.0   0.13889E+08     0.4340E-04   0.2297E-05    0.4208E+00  0.2227E-01    0.1392E-04  0.7368E-06
    10.50        2.74     183.0    107    384.0   0.14326E+08     0.3889E-04   0.2141E-05    0.3771E+00  0.2076E-01    0.1298E-04  0.7146E-06
    11.00        3.24     191.7    108    394.0   0.14705E+08     0.4191E-04   0.2194E-05    0.4063E+00  0.2127E-01    0.1452E-04  0.7602E-06
    11.50        3.74     200.4     88    334.0   0.12400E+08     0.4017E-04   0.2339E-05    0.3894E+00  0.2267E-01    0.1442E-04  0.8397E-06
    12.00        4.24     209.1     87    331.0   0.12225E+08     0.4143E-04   0.2392E-05    0.4017E+00  0.2319E-01    0.1539E-04  0.8883E-06
    12.50        4.74     217.8     91    350.0   0.12930E+08     0.5119E-04   0.2585E-05    0.4963E+00  0.2507E-01    0.1962E-04  0.9912E-06
    13.00        5.24     226.5    102    383.0   0.13911E+08     0.5935E-04   0.2684E-05    0.5754E+00  0.2602E-01    0.2346E-04  0.1061E-05
    13.50        5.74     235.2     98    364.0   0.13193E+08     0.5593E-04   0.2675E-05    0.5423E+00  0.2594E-01    0.2275E-04  0.1088E-05
    14.00        6.24     244.0     90    340.0   0.12519E+08     0.4680E-04   0.2512E-05    0.4537E+00  0.2436E-01    0.1957E-04  0.1051E-05
    14.50        6.74     252.7     93    356.0   0.13128E+08     0.3807E-04   0.2213E-05    0.3691E+00  0.2145E-01    0.1634E-04  0.9499E-06
    15.00        7.24     261.4     97    368.0   0.13602E+08     0.3500E-04   0.2084E-05    0.3394E+00  0.2021E-01    0.1541E-04  0.9176E-06
    15.50        7.74     270.1    102    369.0   0.13686E+08     0.2887E-04   0.1887E-05    0.2799E+00  0.1830E-01    0.1302E-04  0.8510E-06
    16.00        8.24     278.8    104    389.0   0.14457E+08     0.2511E-04   0.1713E-05    0.2435E+00  0.1660E-01    0.1159E-04  0.7903E-06
    16.50        8.74     287.5    104    382.0   0.14161E+08     0.2206E-04   0.1622E-05    0.2139E+00  0.1572E-01    0.1041E-04  0.7651E-06
    17.00        9.24     296.2     94    359.0   0.13271E+08     0.2354E-04   0.1730E-05    0.2282E+00  0.1678E-01    0.1134E-04  0.8339E-06
    17.50        9.74     304.9     87    331.0   0.12227E+08     0.1961E-04   0.1646E-05    0.1901E+00  0.1595E-01    0.9644E-05  0.8093E-06
    18.00       10.24     313.7     86    328.0   0.12075E+08     0.1860E-04   0.1613E-05    0.1803E+00  0.1563E-01    0.9327E-05  0.8088E-06
    18.50       10.74     322.4     91    343.0   0.12442E+08     0.1561E-04   0.1455E-05    0.1513E+00  0.1411E-01    0.7976E-05  0.7438E-06
    19.00       11.24     331.1     82    323.0   0.11732E+08     0.1123E-04   0.1271E-05    0.1088E+00  0.1232E-01    0.5842E-05  0.6615E-06
    19.50       11.74     339.8     81    313.0   0.11489E+08     0.1264E-04   0.1363E-05    0.1225E+00  0.1321E-01    0.6694E-05  0.7218E-06
    20.00       12.24     348.5     82    316.0   0.11565E+08     0.1124E-04   0.1281E-05    0.1090E+00  0.1242E-01    0.6055E-05  0.6901E-06
    20.50       12.74     357.2     96    302.0   0.10799E+08     0.9694E-05   0.1231E-05    0.9399E-01  0.1194E-01    0.5307E-05  0.6740E-06
    21.00       13.24     365.9     94    282.0   0.10062E+08     0.8893E-05   0.1222E-05    0.8623E-01  0.1184E-01    0.4946E-05  0.6794E-06
    21.50       13.74     374.6     92    276.0   0.99098E+07     0.7667E-05   0.1143E-05    0.7434E-01  0.1108E-01    0.4329E-05  0.6454E-06
    22.00       14.24     383.4     90    270.0   0.97071E+07     0.6957E-05   0.1100E-05    0.6746E-01  0.1067E-01    0.3987E-05  0.6304E-06
    22.50       14.74     392.1     94    282.0   0.10146E+08     0.4327E-05   0.8485E-06    0.4195E-01  0.8227E-02    0.2515E-05  0.4931E-06
    23.00       15.24     400.8     86    258.0   0.94183E+07     0.5378E-05   0.9819E-06    0.5214E-01  0.9520E-02    0.3169E-05  0.5786E-06
    23.50       15.74     409.5     86    258.0   0.95403E+07     0.3540E-05   0.7915E-06    0.3432E-01  0.7674E-02    0.2113E-05  0.4726E-06
    24.00       16.24     418.2     89    267.0   0.98450E+07     0.3087E-05   0.7276E-06    0.2993E-01  0.7055E-02    0.1867E-05  0.4401E-06
    24.50       16.74     426.9     94    282.0   0.10467E+08     0.2742E-05   0.6651E-06    0.2659E-01  0.6448E-02    0.1679E-05  0.4073E-06
    25.00       17.24     435.6     82    246.0   0.90377E+07     0.3550E-05   0.8143E-06    0.3442E-01  0.7895E-02    0.2200E-05  0.5047E-06
    25.50       17.74     444.3    222    666.0   0.24316E+08     0.3472E-05   0.4910E-06    0.3366E-01  0.4760E-02    0.2177E-05  0.3079E-06
