  meV  meV_shf  tmk_lin  npts  secs  norm  a1  error   y_unitpk  error   ytc  ytce
   -10.50      -10.86    -183.0      6     60.0   0.22074E+07     0.3477E-04   0.5568E-05    0.5806E+00  0.9297E-01    0.1742E-04  0.2790E-05
   -10.00      -10.36    -174.3     28    280.0   0.10218E+08     0.2639E-04   0.2255E-05    0.4406E+00  0.3764E-01    0.1246E-04  0.1065E-05
    -9.50       -9.86    -165.5     25    250.0   0.89489E+07     0.2771E-04   0.2469E-05    0.4627E+00  0.4122E-01    0.1231E-04  0.1096E-05
    -9.00       -9.36    -156.8     25    250.0   0.89056E+07     0.2763E-04   0.2471E-05    0.4613E+00  0.4126E-01    0.1150E-04  0.1029E-05
    -8.50       -8.86    -148.1     25    250.0   0.87544E+07     0.3013E-04   0.2603E-05    0.5030E+00  0.4345E-01    0.1173E-04  0.1013E-05
    -8.00       -8.36    -139.4     27    270.0   0.94655E+07     0.3327E-04   0.2630E-05    0.5555E+00  0.4392E-01    0.1207E-04  0.9539E-06
    -7.50       -7.86    -130.7     25    250.0   0.88223E+07     0.4350E-04   0.3115E-05    0.7264E+00  0.5202E-01    0.1464E-04  0.1049E-05
    -7.00       -7.36    -122.0     27    270.0   0.95848E+07     0.4846E-04   0.3155E-05    0.8092E+00  0.5267E-01    0.1507E-04  0.9810E-06
    -6.50       -6.86    -113.3     27    270.0   0.96618E+07     0.4685E-04   0.3089E-05    0.7823E+00  0.5158E-01    0.1339E-04  0.8831E-06
    -6.00       -6.36    -104.6     32    320.0   0.11494E+08     0.3990E-04   0.2614E-05    0.6662E+00  0.4364E-01    0.1042E-04  0.6828E-06
    -5.50       -5.86     -95.8     28    280.0   0.10147E+08     0.3608E-04   0.2645E-05    0.6024E+00  0.4417E-01    0.8553E-05  0.6271E-06
    -5.00       -5.36     -87.1     28    280.0   0.10342E+08     0.3635E-04   0.2630E-05    0.6069E+00  0.4391E-01    0.7756E-05  0.5612E-06
    -4.50       -4.86     -78.4     26    260.0   0.96414E+07     0.3552E-04   0.2693E-05    0.5931E+00  0.4496E-01    0.6754E-05  0.5120E-06
    -4.00       -4.36     -69.7     30    300.0   0.11119E+08     0.3346E-04   0.2434E-05    0.5586E+00  0.4063E-01    0.5598E-05  0.4072E-06
    -3.50       -3.86     -61.0     28    280.0   0.10386E+08     0.3544E-04   0.2591E-05    0.5917E+00  0.4327E-01    0.5137E-05  0.3757E-06
    -3.00       -3.36     -52.3     33    330.0   0.12196E+08     0.3728E-04   0.2453E-05    0.6224E+00  0.4095E-01    0.4587E-05  0.3018E-06
    -2.50       -2.86     -43.6     32    320.0   0.11801E+08     0.4186E-04   0.2642E-05    0.6990E+00  0.4412E-01    0.4251E-05  0.2683E-06
    -2.00       -2.36     -34.9     30    300.0   0.11054E+08     0.4541E-04   0.2843E-05    0.7581E+00  0.4748E-01    0.3652E-05  0.2287E-06
    -1.50       -1.86     -26.1     29    290.0   0.10680E+08     0.4791E-04   0.2972E-05    0.8000E+00  0.4962E-01    0.2862E-05  0.1775E-06
    -1.00       -1.36     -17.4     26    260.0   0.97913E+07     0.4623E-04   0.3049E-05    0.7720E+00  0.5090E-01    0.1823E-05  0.1202E-06
    -0.50       -0.86      -8.7     28    280.0   0.10555E+08     0.3823E-04   0.2670E-05    0.6382E+00  0.4458E-01    0.7465E-06  0.5214E-07
     0.00       -0.36       0.0     29    290.0   0.10911E+08     0.3698E-04   0.2583E-05    0.6174E+00  0.4312E-01    0.0000E+00  0.0000E+00
     0.50        0.14       8.7     33    330.0   0.12429E+08     0.3515E-04   0.2359E-05    0.5870E+00  0.3939E-01    0.6734E-06  0.4519E-07
     1.00        0.64      17.4     25    250.0   0.94065E+07     0.3578E-04   0.2736E-05    0.5974E+00  0.4569E-01    0.1358E-05  0.1038E-06
     1.50        1.14      26.1     21    210.0   0.78936E+07     0.3615E-04   0.3002E-05    0.6037E+00  0.5013E-01    0.2038E-05  0.1693E-06
     2.00        1.64      34.9     21    210.0   0.78574E+07     0.4233E-04   0.3256E-05    0.7068E+00  0.5437E-01    0.3152E-05  0.2424E-06
     2.50        2.14      43.6     25    250.0   0.90854E+07     0.3488E-04   0.2749E-05    0.5824E+00  0.4590E-01    0.3215E-05  0.2534E-06
     3.00        2.64      52.3     27    270.0   0.96817E+07     0.4188E-04   0.2918E-05    0.6992E+00  0.4872E-01    0.4588E-05  0.3197E-06
     3.50        3.14      61.0     31    310.0   0.10906E+08     0.4963E-04   0.2993E-05    0.8286E+00  0.4997E-01    0.6284E-05  0.3789E-06
     4.00        3.64      69.7     32    320.0   0.11276E+08     0.5289E-04   0.3038E-05    0.8831E+00  0.5073E-01    0.7581E-05  0.4355E-06
     4.50        4.14      78.4     31    310.0   0.10943E+08     0.5989E-04   0.3282E-05    0.1000E+01  0.5480E-01    0.9568E-05  0.5243E-06
     5.00        4.64      87.1     31    310.0   0.10902E+08     0.4730E-04   0.2922E-05    0.7898E+00  0.4879E-01    0.8318E-05  0.5139E-06
     5.50        5.14      95.8     30    300.0   0.10482E+08     0.4150E-04   0.2791E-05    0.6929E+00  0.4661E-01    0.7952E-05  0.5349E-06
     6.00        5.64     104.6     27    270.0   0.96119E+07     0.3768E-04   0.2778E-05    0.6291E+00  0.4638E-01    0.7804E-05  0.5753E-06
     6.50        6.14     113.3     25    250.0   0.89111E+07     0.3512E-04   0.2785E-05    0.5864E+00  0.4650E-01    0.7807E-05  0.6192E-06
     7.00        6.64     122.0     26    260.0   0.92838E+07     0.3689E-04   0.2797E-05    0.6159E+00  0.4669E-01    0.8750E-05  0.6634E-06
     7.50        7.14     130.7     26    260.0   0.92392E+07     0.3962E-04   0.2905E-05    0.6616E+00  0.4851E-01    0.9978E-05  0.7316E-06
     8.00        7.64     139.4     28    280.0   0.10104E+08     0.3954E-04   0.2775E-05    0.6602E+00  0.4634E-01    0.1052E-04  0.7387E-06
     8.50        8.14     148.1     28    280.0   0.10241E+08     0.3017E-04   0.2408E-05    0.5038E+00  0.4021E-01    0.8455E-05  0.6748E-06
     9.00        8.64     156.8     27    270.0   0.99165E+07     0.3037E-04   0.2455E-05    0.5070E+00  0.4099E-01    0.8928E-05  0.7218E-06
     9.50        9.14     165.5     31    310.0   0.11393E+08     0.2954E-04   0.2259E-05    0.4932E+00  0.3772E-01    0.9084E-05  0.6947E-06
    10.00        9.64     174.3     30    300.0   0.11034E+08     0.3710E-04   0.2573E-05    0.6195E+00  0.4295E-01    0.1190E-04  0.8252E-06
    10.50       10.14     183.0     31    310.0   0.11407E+08     0.3572E-04   0.2482E-05    0.5963E+00  0.4145E-01    0.1192E-04  0.8286E-06
    11.00       10.64     191.7     31    310.0   0.11409E+08     0.2984E-04   0.2269E-05    0.4983E+00  0.3789E-01    0.1034E-04  0.7863E-06
    11.50       11.14     200.4     30    300.0   0.11042E+08     0.3226E-04   0.2398E-05    0.5387E+00  0.4004E-01    0.1159E-04  0.8611E-06
    12.00       11.64     209.1     32    320.0   0.11758E+08     0.3080E-04   0.2271E-05    0.5143E+00  0.3791E-01    0.1144E-04  0.8432E-06
    12.50       12.14     217.8     33    330.0   0.12037E+08     0.3172E-04   0.2278E-05    0.5297E+00  0.3803E-01    0.1216E-04  0.8732E-06
    13.00       12.64     226.5     21    210.0   0.79074E+07     0.3037E-04   0.2749E-05    0.5070E+00  0.4590E-01    0.1200E-04  0.1087E-05
    13.50       13.14     235.2     20    200.0   0.75111E+07     0.2175E-04   0.2387E-05    0.3631E+00  0.3986E-01    0.8847E-05  0.9711E-06
    14.00       13.64     244.0     28    280.0   0.10484E+08     0.2422E-04   0.2132E-05    0.4043E+00  0.3560E-01    0.1013E-04  0.8916E-06
    14.50       14.14     252.7     21    210.0   0.78733E+07     0.2100E-04   0.2291E-05    0.3506E+00  0.3825E-01    0.9015E-05  0.9836E-06
    15.00       14.64     261.4     19    190.0   0.70802E+07     0.1473E-04   0.2024E-05    0.2460E+00  0.3379E-01    0.6486E-05  0.8909E-06
    15.50       15.14     270.1     21    210.0   0.77982E+07     0.1565E-04   0.1987E-05    0.2613E+00  0.3318E-01    0.7057E-05  0.8962E-06
    16.00       15.64     278.8     27    270.0   0.96015E+07     0.1230E-04   0.1588E-05    0.2054E+00  0.2651E-01    0.5676E-05  0.7327E-06
    16.50       16.14     287.5     33    330.0   0.11640E+08     0.1234E-04   0.1445E-05    0.2061E+00  0.2412E-01    0.5823E-05  0.6816E-06
    17.00       16.64     296.2     32    320.0   0.11314E+08     0.7828E-05   0.1167E-05    0.1307E+00  0.1948E-01    0.3772E-05  0.5623E-06
    17.50       17.14     304.9     27    270.0   0.93736E+07     0.6089E-05   0.1131E-05    0.1017E+00  0.1888E-01    0.2995E-05  0.5561E-06
    18.00       17.64     313.7     22    220.0   0.77812E+07     0.7841E-05   0.1408E-05    0.1309E+00  0.2351E-01    0.3933E-05  0.7064E-06
    18.50       18.14     322.4     20    200.0   0.71407E+07     0.4410E-05   0.1103E-05    0.7364E-01  0.1841E-01    0.2254E-05  0.5635E-06
    19.00       18.64     331.1     27    270.0   0.95928E+07     0.6771E-05   0.1179E-05    0.1131E+00  0.1968E-01    0.3524E-05  0.6134E-06
    19.50       19.14     339.8     32    320.0   0.11350E+08     0.5549E-05   0.9809E-06    0.9265E-01  0.1638E-01    0.2939E-05  0.5196E-06
    20.00       19.64     348.5     29    290.0   0.10329E+08     0.3049E-05   0.7622E-06    0.5090E-01  0.1273E-01    0.1642E-05  0.4106E-06
    20.50       20.14     357.2     32    320.0   0.11409E+08     0.3278E-05   0.7520E-06    0.5473E-01  0.1256E-01    0.1795E-05  0.4117E-06
    21.00       20.64     365.9     30    300.0   0.10745E+08     0.3664E-05   0.8192E-06    0.6117E-01  0.1368E-01    0.2038E-05  0.4556E-06
    21.50       21.14     374.6     26    260.0   0.95693E+07     0.3085E-05   0.7966E-06    0.5151E-01  0.1330E-01    0.1742E-05  0.4498E-06
    22.00       21.64     383.4     26    260.0   0.95606E+07     0.3500E-05   0.8488E-06    0.5843E-01  0.1417E-01    0.2005E-05  0.4864E-06
    22.50       22.14     392.1     28    280.0   0.10382E+08     0.2085E-05   0.6288E-06    0.3482E-01  0.1050E-01    0.1212E-05  0.3654E-06
    23.00       22.64     400.8     30    300.0   0.11151E+08     0.1412E-05   0.4992E-06    0.2358E-01  0.8336E-02    0.8320E-06  0.2942E-06
    23.50       23.14     409.5     28    280.0   0.10425E+08     0.2832E-05   0.7312E-06    0.4729E-01  0.1221E-01    0.1691E-05  0.4366E-06
    24.00       23.64     418.2     34    340.0   0.12663E+08     0.2176E-05   0.5815E-06    0.3633E-01  0.9710E-02    0.1316E-05  0.3517E-06
    24.50       24.14     426.9     13    130.0   0.48762E+07     0.1211E-05   0.6991E-06    0.2022E-01  0.1167E-01    0.7415E-06  0.4281E-06
